40.47533
40.47532
40.47532
40.47557
40.47563
40.47561
40.47560
40.47559
40.47560
40.47558
40.47558
40.47555
40.47551
40.47549
40.47547
40.47548
40.47547
40.47547
40.47549
40.47552
40.47556
40.47560
40.47565
40.47571
40.47577
40.47583
40.47589
40.47595
40.47601
40.47607
40.47613
40.47618
40.47623
40.47627
40.47631
40.47634
40.47637
40.47639
40.47641
40.47643
40.47645
40.47646
40.47647
40.47648
40.47648
40.47648
40.47648
40.47617
40.47617
40.47617
40.47618
40.47618
40.47618
40.47617
40.47616
40.47617
40.47617
40.47617
40.47618
40.47618
40.47619
40.47620
40.47620
40.47621
40.47621
40.47621
40.47621
40.47621
40.47621
40.47621
40.47621
40.47621
40.47621
40.47621
40.47621
40.47621
40.47621
40.47621
40.47621
40.47621
40.47621
40.47621
40.47621
40.47621
40.47621
40.47621
40.47621
40.47621
40.47621
40.47621
40.47621
40.47622
40.47622
40.47623
40.47623
40.47623
40.47624
40.47624
40.47626
40.47626
40.47627
40.47627
40.47627
40.47627
40.47627
40.47627
40.47627
40.47627
40.47627
40.47627
40.47627
40.47627
40.47627
40.47627
40.47627
40.47627
40.47627
40.47627
40.47627
40.47627
40.47627
40.47627
40.47627
40.47627
40.47627
40.47627
40.47628
40.47628
40.47628
40.47629
40.47630
40.47631
40.47633
40.47635
40.47637
40.47640
40.47642
40.47645
40.47647
40.47649
40.47651
40.47654
40.47657
40.47660
40.47664
40.47667
40.47670
40.47674
40.47677
40.47680
40.47683
40.47686
40.47688
40.47690
40.47693
40.47695
40.47697
40.47699
40.47700
40.47701
40.47702
40.47702
40.47703
40.47704
40.47706
40.47710
40.47713
40.47716
40.47718
40.47719
40.47719
40.47719
40.47719
40.47719
40.47719
40.47719
40.47719
40.47719
40.47719
40.47719
40.47719
40.47719
40.47719
40.47719
40.47719
40.47719
40.47719
40.47719
40.47719
40.47719
40.47719
40.47719
40.47719
40.47719
40.47719
40.47719
40.47719
40.47719
40.47719
40.47719
40.47719
40.47719
40.47719
40.47719
40.47719
40.47719
40.47719
40.47719
40.47719
40.47719
40.47719
40.47719
40.47719
40.47719
40.47719
40.47719
40.47719
40.47719
40.47719
40.47719
40.47719
40.47719
40.47719
40.47719
40.47719
40.47719
40.47719
40.47719
40.47719
40.47719
40.47719
40.47719
40.47719
40.47719
40.47719
40.47719
40.47719
40.47719
40.47719
40.47719
40.47719
40.47719
40.47719
40.47719
40.47719
40.47719
40.47719
40.47719
40.47719
40.47719
40.47719
40.47719
40.47719
40.47719
40.47719
40.47719
40.47719
40.47719
40.47719
40.47719
40.47719
40.47719
40.47719
40.47719
40.47719
40.47719
40.47719
40.47722
40.47724
40.47726
40.47730
40.47733
40.47737
40.47742
40.47746
40.47750
40.47755
40.47760
40.47765
40.47770
40.47776
40.47781
40.47787
40.47793
40.47800
40.47806
40.47813
40.47818
40.47823
40.47827
40.47830
40.47832
40.47834
40.47836
40.47838
40.47840
40.47844
40.47848
40.47853
40.47857
40.47862
40.47867
40.47873
40.47878
40.47883
40.47889
40.47894
40.47899
40.47904
40.47909
40.47914
40.47919
40.47923
40.47927
40.47930
40.47934
40.47937
40.47939
40.47942
40.47945
40.47947
40.47950
40.47952
40.47955
40.47957
40.47959
40.47961
40.47963
40.47964
40.47964
40.47965
40.47965
40.47966
40.47966
40.47966
40.47966
40.47966
40.47966
40.47966
40.47966
40.47966
40.47967
40.47967
40.47969
40.47970
40.47970
40.47970
40.47971
40.47971
40.47971
40.47971
40.47971
40.47971
40.47971
40.47971
40.47971
40.47971
40.47971
40.47971
40.47972
40.47972
40.47973
40.47973
40.47974
40.47974
40.47975
40.47975
40.47975
40.47975
40.47975
40.47976
40.47976
40.47976
40.47976
40.47976
40.47976
40.47976
40.47976
40.47976
40.47976
40.47976
40.47976
40.47976
40.47976
40.47976
40.47976
40.47976
40.47976
40.47976
40.47976
40.47976
40.47976
40.47976
40.47976
40.47976
40.47977
40.47978
40.47981
40.47983
40.47986
40.47990
40.47993
40.47996
40.47998
40.48000
40.48002
40.48005
40.48007
40.48010
40.48013
40.48016
40.48020
40.48024
40.48028
40.48028
40.48031
40.48034
40.48037
40.48039
40.48042
40.48045
40.48047
40.48051
40.48054
40.48058
40.48063
40.48072
40.48076
40.48081
40.48081
40.48092
40.48092
40.48103
40.48103
40.48108
40.48113
40.48119
40.48131
40.48131
40.48137
40.48142
40.48148
40.48153
40.48158
40.48168
40.48168
40.48178
40.48178
40.48183
40.48189
40.48193
40.48198
40.48203
40.48207
40.48212
40.48216
40.48221
40.48225
40.48235
40.48235
40.48240
40.48250
40.48250
40.48255
40.48262
40.48262
40.48265
40.48268
40.48270
40.48272
40.48273
40.48273
40.48273
40.48273
40.48273
40.48273
40.48273
40.48273
40.48273
40.48273
40.48273
40.48273
40.48273
40.48273
40.48273
40.48273
40.48272
40.48270
40.48268
40.48266
40.48263
40.48260
40.48257
40.48254
40.48250
40.48247
40.48243
40.48240
40.48236
40.48232
40.48229
40.48226
40.48223
40.48220
40.48219
40.48218
40.48217
40.48216
40.48215
40.48214
40.48214
40.48213
40.48213
40.48212
40.48212
40.48211
40.48211
40.48211
40.48211
40.48211
40.48211
40.48211
40.48211
40.48210
40.48211
40.48212
40.48212
40.48212
40.48212
40.48211
40.48210
40.48208
40.48207
40.48205
40.48203
40.48201
40.48199
40.48197
40.48195
40.48192
40.48189
40.48186
40.48180
40.48180
40.48177
40.48173
40.48166
40.48166
40.48163
40.48156
40.48152
40.48152
40.48149
40.48145
40.48142
40.48138
40.48134
40.48130
40.48126
40.48123
40.48120
40.48117
40.48114
40.48111
40.48108
40.48105
40.48102
40.48098
40.48096
40.48093
40.48091
40.48088
40.48087
40.48086
40.48085
40.48083
40.48082
40.48082
40.48081
40.48081
40.48079
40.48079
40.48078
40.48078
40.48077
40.48076
40.48076
40.48076
40.48075
40.48075
40.48075
40.48075
40.48074
40.48074
40.48075
40.48075
40.48076
40.48078
40.48078
40.48079
40.48079
40.48080
40.48080
40.48080
40.48080
40.48080
40.48080
40.48080
40.48081
40.48081
40.48081
40.48081
40.48081
40.48081
40.48081
40.48081
40.48081
40.48081
40.48081
40.48081
40.48081
40.48081
40.48081
40.48081
40.48081
40.48081
40.48081
40.48081
40.48081
40.48081
40.48081
40.48081
40.48081
40.48081
