111.4185
111.4185
111.4185
111.4183
111.4183
111.4182
111.4182
111.4181
111.4181
111.4180
111.4180
111.4179
111.4179
111.4178
111.4178
111.4177
111.4177
111.4177
111.4176
111.4176
111.4176
111.4176
111.4176
111.4175
111.4175
111.4175
111.4175
111.4174
111.4174
111.4174
111.4174
111.4173
111.4173
111.4173
111.4173
111.4173
111.4173
111.4173
111.4173
111.4173
111.4172
111.4172
111.4172
111.4172
111.4172
111.4172
111.4172
111.4172
111.4172
111.4172
111.4172
111.4172
111.4172
111.4172
111.4172
111.4173
111.4173
111.4173
111.4173
111.4173
111.4173
111.4173
111.4173
111.4173
111.4173
111.4173
111.4173
111.4173
111.4173
111.4173
111.4173
111.4173
111.4173
111.4173
111.4173
111.4173
111.4173
111.4173
111.4173
111.4173
111.4173
111.4173
111.4173
111.4173
111.4173
111.4173
111.4173
111.4173
111.4173
111.4173
111.4173
111.4173
111.4173
111.4173
111.4173
111.4173
111.4173
111.4173
111.4173
111.4173
111.4173
111.4173
111.4173
111.4173
111.4173
111.4173
111.4173
111.4173
111.4173
111.4173
111.4173
111.4173
111.4173
111.4173
111.4173
111.4173
111.4173
111.4173
111.4173
111.4173
111.4173
111.4173
111.4173
111.4173
111.4173
111.4173
111.4173
111.4173
111.4173
111.4173
111.4173
111.4172
111.4172
111.4172
111.4172
111.4172
111.4172
111.4172
111.4172
111.4171
111.4171
111.4171
111.4171
111.4171
111.4171
111.4171
111.4171
111.4170
111.4170
111.4170
111.4170
111.4170
111.4170
111.4170
111.4170
111.4170
111.4170
111.4170
111.4170
111.4169
111.4170
111.4170
111.4170
111.4170
111.4170
111.4169
111.4169
111.4169
111.4169
111.4169
111.4169
111.4169
111.4169
111.4169
111.4169
111.4169
111.4169
111.4169
111.4169
111.4169
111.4169
111.4169
111.4169
111.4169
111.4169
111.4169
111.4169
111.4169
111.4169
111.4169
111.4169
111.4169
111.4169
111.4169
111.4169
111.4169
111.4169
111.4169
111.4169
111.4169
111.4169
111.4169
111.4169
111.4169
111.4169
111.4169
111.4169
111.4169
111.4169
111.4169
111.4169
111.4169
111.4169
111.4169
111.4169
111.4169
111.4169
111.4169
111.4169
111.4169
111.4169
111.4169
111.4169
111.4169
111.4169
111.4169
111.4169
111.4169
111.4169
111.4169
111.4169
111.4169
111.4169
111.4169
111.4169
111.4169
111.4169
111.4169
111.4169
111.4169
111.4169
111.4169
111.4169
111.4169
111.4169
111.4169
111.4169
111.4169
111.4169
111.4169
111.4169
111.4169
111.4169
111.4169
111.4169
111.4169
111.4169
111.4169
111.4169
111.4169
111.4169
111.4169
111.4169
111.4169
111.4169
111.4169
111.4169
111.4169
111.4169
111.4168
111.4168
111.4168
111.4168
111.4168
111.4167
111.4167
111.4167
111.4167
111.4166
111.4166
111.4166
111.4166
111.4165
111.4165
111.4165
111.4165
111.4164
111.4164
111.4164
111.4164
111.4164
111.4164
111.4164
111.4163
111.4163
111.4163
111.4163
111.4163
111.4163
111.4162
111.4162
111.4162
111.4162
111.4161
111.4161
111.4161
111.4161
111.4161
111.4160
111.4160
111.4160
111.4160
111.4159
111.4159
111.4159
111.4159
111.4159
111.4159
111.4158
111.4158
111.4158
111.4158
111.4158
111.4158
111.4158
111.4158
111.4158
111.4158
111.4158
111.4158
111.4158
111.4158
111.4158
111.4158
111.4158
111.4158
111.4158
111.4158
111.4158
111.4158
111.4158
111.4158
111.4157
111.4157
111.4157
111.4157
111.4157
111.4157
111.4157
111.4157
111.4157
111.4157
111.4157
111.4157
111.4157
111.4157
111.4157
111.4157
111.4157
111.4157
111.4157
111.4157
111.4157
111.4157
111.4157
111.4157
111.4157
111.4157
111.4157
111.4157
111.4157
111.4157
111.4157
111.4157
111.4157
111.4157
111.4157
111.4157
111.4157
111.4157
111.4157
111.4157
111.4157
111.4157
111.4157
111.4157
111.4157
111.4157
111.4157
111.4157
111.4157
111.4157
111.4157
111.4157
111.4157
111.4157
111.4157
111.4157
111.4157
111.4157
111.4157
111.4156
111.4156
111.4156
111.4156
111.4156
111.4156
111.4156
111.4155
111.4155
111.4155
111.4155
111.4155
111.4155
111.4155
111.4154
111.4154
111.4154
111.4154
111.4154
111.4154
111.4154
111.4154
111.4153
111.4153
111.4153
111.4152
111.4152
111.4152
111.4152
111.4152
111.4152
111.4151
111.4151
111.4151
111.4151
111.4151
111.4150
111.4150
111.4150
111.4149
111.4149
111.4149
111.4149
111.4148
111.4148
111.4148
111.4148
111.4148
111.4147
111.4147
111.4147
111.4147
111.4146
111.4146
111.4146
111.4146
111.4146
111.4145
111.4145
111.4145
111.4144
111.4144
111.4144
111.4144
111.4144
111.4143
111.4143
111.4143
111.4143
111.4143
111.4143
111.4143
111.4143
111.4143
111.4143
111.4143
111.4143
111.4143
111.4143
111.4143
111.4143
111.4143
111.4143
111.4143
111.4143
111.4143
111.4143
111.4143
111.4143
111.4143
111.4143
111.4144
111.4144
111.4144
111.4144
111.4144
111.4144
111.4145
111.4145
111.4145
111.4145
111.4145
111.4145
111.4145
111.4145
111.4145
111.4145
111.4145
111.4145
111.4145
111.4144
111.4144
111.4144
111.4144
111.4144
111.4144
111.4144
111.4144
111.4144
111.4144
111.4144
111.4144
111.4144
111.4143
111.4143
111.4142
111.4142
111.4142
111.4141
111.4141
111.4141
111.4141
111.4140
111.4140
111.4140
111.4140
111.4141
111.4141
111.4141
111.4141
111.4141
111.4141
111.4141
111.4141
111.4142
111.4142
111.4142
111.4142
111.4142
111.4142
111.4142
111.4143
111.4143
111.4143
111.4143
111.4143
111.4143
111.4144
111.4144
111.4144
111.4144
111.4144
111.4144
111.4144
111.4145
111.4145
111.4145
111.4145
111.4145
111.4145
111.4145
111.4144
111.4144
111.4144
111.4143
111.4143
111.4143
111.4143
111.4142
111.4142
111.4142
111.4141
111.4141
111.4141
111.4141
111.4141
111.4141
111.4141
111.4141
111.4140
111.4140
111.4140
111.4140
111.4140
111.4140
111.4140
111.4140
111.4140
111.4140
111.4140
111.4140
111.4140
111.4140
111.4140
111.4140
111.4140
111.4140
111.4140
111.4140
111.4140
111.4140
111.4140
111.4140
111.4140
111.4140
111.4140
111.4140
111.4140
111.4140
111.4140
111.4140
111.4140
111.4140
111.4140
111.4140
111.4140
111.4140
111.4140
111.4140
111.4140
111.4140
111.4140
111.4140
